50
20
1
00000000000000000000000001100000000000000000000000
00000000000000000000000001000000000000000000000000
00000000000000000101101101000001100000000000000000
00000000000000000110101010000001000000000000000000
00000000000000000000000100000000100000000000000000
00000000000000000000000000000001100000000000000000
00000000000000000000000000000000000000000000000000
00000000000000000000000111000001100000000000000000
00000000000000010000000100000010100000000000000000
00000000000000011100000111000001000000000000000000
00000000000000000010000000000000111000000000000000
00000000000000000101000000000000001000000000000000
00000000000000000110000000000000000000000000000000
00000000000000000000000000000000000000000000000000
00000000000000000110000000000000000000000000000000
00000000000000000100000000100000000000000000000000
00000000000000000010000001010101100000000000000000
00000000000000000110000010110110100000000000000000
00000000000000000000000010000000000000000000000000
00000000000000000000000110000000000000000000000000