50
20
1
00001110001011000010100111000110011011001110001000
00000111110011000011110001001110000011001000000000
00000000100111000010000100100000011100000000000000
00000001100011011100000011000000011000000110000000
00000000100000111000000010000000000000001001000000
11000000000000100010001000011000000110001110000000
10100000000000000011111001011001111111000100000000
00100000000000001110000000000000000011100000000000
00100000000000011110000110000000010010000000000111
01000000100000110100001110011001110000010000001000
01000011000000011110010010000100000010010001010000
01000101100000011010010100110001100001010010111110
00000111000000011000011100001010100000000100010000
11011000000000011100000011101100000000001100100000
01011000000000010000000110100000001000010001100000
00111000000000101110001000110000110101101101011100
01010000000000101100000010110001000111110001000111
10010000000001111001000010110000000100000001010100
10110000000011000001011001100001101000000010000100
01110010100011000001011111000111010100001110001000
