50
20
1
00000000000000000000000000000000000000000000000000
00000000000000000000000000000000000000000000000000
00000000000000000000000000000000000000000000000000
00000000000000000000000000000000000000000000000000
00000000000000000000000000000000000000000000000000
00000000000000000000001000000000000000000000000000
00000000000000000000010100000000000000000000000000
00000000000000000000100100000000000000000000000000
00000000000000000000011000000000000000000000000000
00000000000000000000100100000000000000000000000000
00000000000000000000101000000000000000000000000000
00000000000000000000010000000000000000000000000000
00000000000000000000000000000000000000000000000000
00000000000000000000000000000000000000000000000000
00000000000000000000000000000000000000000000000000
00000000000000000000000000000000000000000000000000
00000000000000000000000000000000000000000000000000
00000000000000000000000000000000000000000000000000
00000000000000000000000000000000000000000000000000
00000000000000000000000000000000000000000000000000
